0,1,1000,1,0,0:0:0:0:
2,1,1500,1,0,0:0:0:0:
0,1,2000,1,0,0:0:0:0:
2,1,2500,1,0,0:0:0:0:
0,1,3000,1,0,0:0:0:0:
2,1,3500,1,0,0:0:0:0:
1,1,4000,1,0,0:0:0:0:
3,1,4500,1,0,0:0:0:0:
1,1,5000,1,0,0:0:0:0:
3,1,5500,1,0,0:0:0:0:
1,1,6000,1,0,0:0:0:0:
3,1,6500,1,0,0:0:0:0:
1,1,7000,1,0,0:0:0:0:
3,1,7500,1,0,0:0:0:0:
0,1,8000,1,0,0:0:0:0:
2,1,8500,1,0,0:0:0:0:
0,1,9000,1,0,0:0:0:0:
2,1,9500,1,0,0:0:0:0:
3,1,10000,1,0,0:0:0:0:
0,1,10500,1,0,0:0:0:0:
3,1,11000,1,0,0:0:0:0:
0,1,11500,1,0,0:0:0:0:
2,1,12000,1,0,0:0:0:0:
3,1,12500,1,0,0:0:0:0:
2,1,13000,1,0,0:0:0:0:
1,1,13500,1,0,0:0:0:0:
3,1,14000,1,0,0:0:0:0:
1,1,14500,1,0,0:0:0:0:
0,1,15000,1,0,0:0:0:0:
3,1,15500,1,0,0:0:0:0:
0,1,16000,1,0,0:0:0:0:
1,1,16500,1,0,0:0:0:0:
2,1,17000,1,0,0:0:0:0:
1,1,17500,1,0,0:0:0:0:
2,1,18000,1,0,0:0:0:0:
0,1,18500,1,0,0:0:0:0:
2,1,19000,1,0,0:0:0:0:
1,1,19500,1,0,0:0:0:0:
2,1,20000,1,0,0:0:0:0:
0,1,20500,1,0,0:0:0:0:
2,1,21000,1,0,0:0:0:0:
3,1,21500,1,0,0:0:0:0:
1,1,22000,1,0,0:0:0:0: