2,1,11,5,0,0:0:0:0:
3,1,1344,1,2,0:0:0:0:
0,1,4010,1,0,0:0:0:0:
1,1,5344,1,0,0:0:0:0:
3,1,6677,1,2,0:0:0:0:
1,1,8010,1,0,0:0:0:0:
2,1,9344,1,0,0:0:0:0:
0,1,10677,1,0,0:0:0:0:
3,1,12010,1,2,0:0:0:0:
0,1,13344,1,0,0:0:0:0:
1,1,14677,1,0,0:0:0:0:
2,1,16010,1,0,0:0:0:0:
3,1,17344,1,2,0:0:0:0:
2,1,18510,1,0,0:0:0:0:
1,1,18677,1,0,0:0:0:0:
2,1,20010,1,2,0:0:0:0:
1,1,21010,1,0,0:0:0:0:
3,1,21344,1,0,0:0:0:0:
0,1,21344,128,2,23677:0:0:0:0:
2,1,22010,1,2,0:0:0:0:
1,1,22677,1,2,0:0:0:0:
2,1,23344,1,2,0:0:0:0:
1,1,23677,1,0,0:0:0:0:
2,1,23844,1,0,0:0:0:0:
3,1,24177,128,0,24677:0:0:0:0:
2,1,24677,1,2,0:0:0:0:
1,1,25010,1,0,0:0:0:0:
3,1,25344,1,2,0:0:0:0:
0,1,25344,1,0,0:0:0:0:
2,1,25677,1,0,0:0:0:0:
1,1,26010,1,2,0:0:0:0:
2,1,26344,1,0,0:0:0:0:
0,1,26677,1,0,0:0:0:0:
3,1,26677,128,2,29010:0:0:0:0:
2,1,27344,1,2,0:0:0:0:
0,1,28010,1,2,0:0:0:0:
2,1,28677,1,2,0:0:0:0:
1,1,29010,1,0,0:0:0:0:
2,1,29344,128,2,30510:0:0:0:0:
0,1,30010,1,2,0:0:0:0:
1,1,30510,128,0,30844:0:0:0:0:
0,1,30844,128,0,31677:0:0:0:0:
2,1,31344,1,2,0:0:0:0:
1,1,31677,1,0,0:0:0:0:
2,1,210,1,2,0:0:0:0:
3,1,210,128,0,34010:0:0:0:0:
0,1,32677,1,2,0:0:0:0:
1,1,33344,1,2,0:0:0:0:
2,1,34010,128,2,34677:0:0:0:0:
1,1,34677,128,2,36010:0:0:0:0:
3,1,35344,1,2,0:0:0:0:
0,1,36010,1,0,0:0:0:0:
2,1,36010,128,2,37344:0:0:0:0:
1,1,36677,1,2,0:0:0:0:
0,1,37344,1,0,0:0:0:0:
3,1,37344,128,2,39677:0:0:0:0:
1,1,38010,1,2,0:0:0:0:
2,1,38677,1,2,0:0:0:0:
0,1,39344,1,2,0:0:0:0:
2,1,39677,1,0,0:0:0:0:
1,1,39844,1,0,0:0:0:0:
0,1,40177,128,0,40677:0:0:0:0:
2,1,40677,1,2,0:0:0:0:
3,1,41010,1,0,0:0:0:0:
1,1,41344,1,2,0:0:0:0:
3,1,41677,1,0,0:0:0:0:
2,1,42010,1,2,0:0:0:0:
1,1,42344,1,0,0:0:0:0:
0,1,42677,1,2,0:0:0:0:
3,1,42677,1,0,0:0:0:0:
2,1,43010,1,0,0:0:0:0:
1,1,43344,1,0,0:0:0:0:
0,1,43677,1,0,0:0:0:0:
3,1,44010,1,0,0:0:0:0:
1,1,44344,1,0,0:0:0:0:
2,1,44677,1,0,0:0:0:0:
0,1,45010,1,0,0:0:0:0:
2,1,45344,1,2,0:0:0:0:
3,1,45344,1,0,0:0:0:0:
1,1,45677,1,0,0:0:0:0:
2,1,46010,1,0,0:0:0:0:
0,1,46344,1,0,0:0:0:0:
3,1,46677,1,0,0:0:0:0:
2,1,47010,1,0,0:0:0:0:
1,1,47344,1,0,0:0:0:0:
0,1,47677,1,0,0:0:0:0:
2,1,48010,1,8,0:3:0:0:
3,1,48010,1,2,0:0:0:0:
0,1,48510,1,8,0:3:0:0:
2,1,49010,1,8,0:3:0:0:
1,1,49510,1,8,0:3:0:0:
3,1,50010,1,8,0:3:0:0:
2,1,50344,1,8,0:3:0:0:
0,1,50677,1,8,0:3:0:0:
1,1,50677,1,2,0:0:0:0:
3,1,51177,1,8,0:3:0:0:
1,1,51677,1,8,0:3:0:0:
2,1,52177,1,8,0:3:0:0:
0,1,52677,1,8,0:3:0:0:
1,1,53010,1,8,0:3:0:0:
2,1,53344,1,8,0:3:0:0:
3,1,53344,1,2,0:0:0:0:
0,1,53844,1,8,0:3:0:0:
2,1,54344,1,8,0:3:0:0:
1,1,54844,1,8,0:3:0:0:
3,1,55344,1,8,0:3:0:0:
2,1,55677,1,8,0:3:0:0:
0,1,56010,1,8,0:3:0:0:
1,1,56010,1,2,0:0:0:0:
3,1,56510,1,8,0:3:0:0:
1,1,57010,1,8,0:3:0:0:
2,1,57510,1,8,0:3:0:0:
0,1,58010,1,8,0:3:0:0:
1,1,58344,1,8,0:3:0:0:
2,1,58677,1,8,0:3:0:0:
3,1,58677,1,2,0:0:0:0:
0,1,59010,1,0,0:0:0:0:
2,1,59177,1,8,0:3:0:0:
1,1,59510,1,0,0:0:0:0:
3,1,59677,1,8,0:3:0:0:
0,1,60010,1,0,0:0:0:0:
2,1,60177,1,8,0:3:0:0:
1,1,60510,1,0,0:0:0:0:
3,1,60677,1,8,0:3:0:0:
2,1,61010,1,8,0:3:0:0:
0,1,61344,1,8,0:3:0:0:
1,1,61344,1,2,0:0:0:0:
3,1,61677,1,0,0:0:0:0:
1,1,61844,1,8,1:3:0:0:
2,1,62177,1,0,0:0:0:0:
0,1,62344,1,8,1:3:0:0:
3,1,62677,1,0,0:0:0:0:
1,1,62844,1,8,1:3:0:0:
2,1,63010,1,8,1:3:0:0:
0,1,63344,1,8,1:3:0:0:
3,1,63677,1,8,1:3:0:0:
1,1,0010,1,8,0:3:0:0:
2,1,0010,1,4,0:0:0:0:
0,1,66677,1,8,0:3:0:0:
3,1,66677,1,4,0:0:0:0:
1,1,67010,1,0,1:0:0:0:
3,1,67344,1,0,0:0:0:0:
0,1,67510,1,8,0:3:0:0:
3,1,67677,1,0,1:0:0:0:
1,1,68010,1,8,0:3:0:0:
2,1,68344,1,0,1:0:0:0:
0,1,68677,1,2,0:0:0:0:
3,1,68844,1,8,0:3:0:0:
0,1,69010,1,0,1:0:0:0:
1,1,69344,1,8,0:3:0:0:
2,1,69344,1,4,0:0:0:0:
3,1,69677,1,0,1:0:0:0:
1,1,70010,1,0,0:0:0:0:
2,1,70177,1,8,0:3:0:0:
1,1,70344,1,0,1:0:0:0:
3,1,70677,1,8,0:3:0:0:
0,1,71010,1,0,1:0:0:0:
2,1,71344,1,0,0:0:0:0:
1,1,71510,1,8,0:3:0:0:
2,1,71677,1,0,1:0:0:0:
0,1,72010,1,8,0:3:0:0:
3,1,72010,1,4,0:0:0:0:
1,1,72344,1,0,1:0:0:0:
3,1,72677,1,0,0:0:0:0:
0,1,72844,1,8,0:3:0:0:
3,1,73010,1,0,1:0:0:0:
1,1,73344,1,8,0:3:0:0:
2,1,73677,1,0,1:0:0:0:
0,1,74010,1,2,0:0:0:0:
3,1,74177,1,8,0:3:0:0:
0,1,74344,1,0,1:0:0:0:
0,1,74677,1,8,0:3:0:0:
3,1,74677,1,4,0:0:0:0:
2,1,75010,1,0,1:0:0:0:
0,1,75344,1,2,0:0:0:0:
3,1,75510,1,8,0:3:0:0:
0,1,75677,1,0,1:0:0:0:
1,1,76010,1,0,1:0:0:0:
3,1,76177,1,8,0:3:0:0:
2,1,76344,1,8,0:3:0:0:
1,1,76510,1,0,1:0:0:0:
3,1,76677,1,8,0:3:0:0:
2,1,76844,1,8,0:3:0:0:
1,1,77010,1,0,1:0:0:0:
0,1,77344,1,8,0:3:0:0:
3,1,77344,1,4,0:0:0:0:
1,1,77677,1,0,1:0:0:0:
3,1,78010,1,0,0:0:0:0:
2,1,78177,1,8,0:3:0:0:
1,1,78344,1,0,1:0:0:0:
3,1,78677,1,8,0:3:0:0:
2,1,79010,1,0,1:0:0:0:
0,1,79344,1,2,0:0:0:0:
1,1,79510,1,8,0:3:0:0:
2,1,79677,1,0,1:0:0:0:
0,1,80010,1,8,0:3:0:0:
3,1,80010,1,4,0:0:0:0:
2,1,80344,1,0,1:0:0:0:
3,1,80677,1,0,0:0:0:0:
1,1,80844,1,8,0:3:0:0:
2,1,81010,1,0,1:0:0:0:
3,1,81344,1,8,0:3:0:0:
1,1,81677,1,0,1:0:0:0:
0,1,82010,1,0,0:0:0:0:
2,1,82177,1,8,0:3:0:0:
1,1,82344,1,0,1:0:0:0:
0,1,82677,1,8,0:3:0:0:
3,1,82677,1,4,0:0:0:0:
1,1,83010,1,0,1:0:0:0:
3,1,83344,1,0,0:0:0:0:
2,1,83510,1,8,0:3:0:0:
1,1,83677,1,0,1:0:0:0:
3,1,84010,1,8,0:3:0:0:
2,1,84344,1,0,1:0:0:0:
0,1,84677,1,2,0:0:0:0:
1,1,84844,1,8,0:3:0:0:
2,1,85010,1,0,1:0:0:0:
0,1,85344,1,8,0:3:0:0:
3,1,85344,1,4,0:0:0:0:
1,1,85677,1,0,1:0:0:0:
3,1,86010,1,2,0:0:0:0:
2,1,86177,1,8,0:3:0:0:
1,1,86344,1,0,1:0:0:0:
2,1,86677,1,0,1:0:0:0:
1,1,86844,1,0,1:0:0:0:
2,1,87010,1,0,1:0:0:0:
1,1,87177,1,0,1:0:0:0:
2,1,87344,1,0,1:0:0:0:
1,1,87510,1,0,1:0:0:0:
2,1,87677,1,0,1:0:0:0:
1,1,87844,1,0,1:0:0:0:
0,1,88010,1,8,0:3:0:0:
3,1,88010,128,4,89010:0:0:0:0:
1,1,88344,1,0,1:0:0:0:
2,1,88677,1,0,0:0:0:0:
0,1,89010,128,0,90010:1:0:0:0:
2,1,89344,1,8,0:3:0:0:
1,1,89677,1,0,1:0:0:0:
3,1,90010,1,2,0:0:0:0:
2,1,90344,1,0,1:0:0:0:
0,1,90677,1,8,0:3:0:0:
3,1,90677,128,4,93010:0:0:0:0:
1,1,91010,1,0,1:0:0:0:
2,1,91344,1,0,0:0:0:0:
0,1,91677,1,0,1:0:0:0:
2,1,92010,1,8,0:3:0:0:
1,1,92344,1,0,1:0:0:0:
0,1,92677,1,0,0:0:0:0:
2,1,93010,1,0,1:0:0:0:
3,1,93344,1,8,0:3:0:0:
0,1,93344,128,4,94344:0:0:0:0:
1,1,93677,1,0,1:0:0:0:
2,1,94010,1,0,0:0:0:0:
3,1,94344,128,0,95344:1:0:0:0:
1,1,94677,1,8,0:3:0:0:
2,1,95010,1,0,1:0:0:0:
0,1,95344,1,2,0:0:0:0:
2,1,95677,1,0,1:0:0:0:
3,1,96010,1,8,0:3:0:0:
0,1,96010,128,4,96677:0:0:0:0:
1,1,96344,1,0,1:0:0:0:
2,1,96677,1,2,0:0:0:0:
3,1,97010,1,0,1:0:0:0:
2,1,97344,1,0,1:0:0:0:
0,1,97510,1,8,0:3:0:0:
1,1,97677,1,8,0:3:0:0:
2,1,97844,1,0,1:0:0:0:
0,1,98010,1,8,0:3:0:0:
1,1,98177,1,8,0:3:0:0:
2,1,98344,1,0,1:0:0:0:
0,1,98677,1,8,0:3:0:0:
3,1,98677,128,4,99677:0:0:0:0:
2,1,99010,1,0,1:0:0:0:
0,1,99344,1,0,0:0:0:0:
2,1,99677,128,0,100677:1:0:0:0:
0,1,100010,1,8,0:3:0:0:
3,1,100344,1,0,1:0:0:0:
1,1,100677,128,2,101344:0:0:0:0:
2,1,101010,1,0,1:0:0:0:
3,1,101344,1,8,0:3:0:0:
0,1,101344,128,4,103677:0:0:0:0:
2,1,101677,1,0,1:0:0:0:
1,1,102010,1,0,0:0:0:0:
3,1,102344,1,0,1:0:0:0:
1,1,102677,1,8,0:3:0:0:
2,1,103010,1,0,1:0:0:0:
3,1,103344,1,0,0:0:0:0:
1,1,103677,1,0,1:0:0:0:
0,1,104010,1,8,0:3:0:0:
3,1,104010,128,4,105010:0:0:0:0:
2,1,104344,1,0,1:0:0:0:
0,1,104677,1,0,0:0:0:0:
1,1,105010,128,0,106010:1:0:0:0:
0,1,105344,1,8,0:3:0:0:
3,1,105677,1,0,1:0:0:0:
2,1,106010,128,2,106677:0:0:0:0:
1,1,106344,1,0,1:0:0:0:
0,1,106677,1,8,0:3:0:0:
3,1,106677,128,4,107344:0:0:0:0:
2,1,107010,1,0,1:0:0:0:
1,1,107344,1,2,0:0:0:0:
0,1,107677,1,0,1:0:0:0:
2,1,108010,1,0,1:0:0:0:
1,1,108177,1,0,1:0:0:0:
2,1,108344,1,0,1:0:0:0:
1,1,108510,1,0,1:0:0:0:
2,1,108677,1,0,1:0:0:0:
1,1,108844,1,0,1:0:0:0:
2,1,109010,1,0,1:0:0:0:
1,1,109177,1,0,1:0:0:0:
0,1,109344,1,4,0:3:0:0:
3,1,109344,1,8,0:3:0:0:
3,1,110677,1,2,0:0:0:0:
0,1,113344,1,0,0:0:0:0:
2,1,114344,1,0,0:0:0:0:
3,1,114677,1,2,0:0:0:0:
1,1,114677,1,0,0:0:0:0:
0,1,115344,1,2,0:0:0:0:
3,1,116010,1,2,0:0:0:0:
1,1,116677,1,2,0:0:0:0:
2,1,117344,1,2,0:0:0:0:
1,1,118010,1,2,0:0:0:0:
0,1,118677,1,0,0:0:0:0:
3,1,118677,1,2,0:0:0:0:
2,1,119344,1,2,0:0:0:0:
0,1,120010,1,0,0:0:0:0:
3,1,120010,1,2,0:0:0:0:
1,1,120677,1,2,0:0:0:0:
3,1,121344,1,2,0:0:0:0:
0,1,122010,1,2,0:0:0:0:
2,1,122677,1,2,0:0:0:0:
1,1,123344,1,2,0:0:0:0:
0,1,124010,1,2,0:0:0:0:
3,1,124010,1,0,0:0:0:0:
2,1,124677,1,2,0:0:0:0:
3,1,125344,1,2,0:0:0:0:
0,1,125344,1,0,0:0:0:0:
1,1,126010,1,2,0:0:0:0:
3,1,126677,1,2,0:0:0:0:
2,1,127344,1,2,0:0:0:0:
1,1,127677,1,0,0:0:0:0:
0,1,128010,1,0,0:0:0:0:
3,1,128010,1,2,0:0:0:0:
2,1,128677,1,2,0:0:0:0:
0,1,129344,1,2,0:0:0:0:
1,1,129677,1,0,0:0:0:0:
3,1,130010,1,2,0:0:0:0:
2,1,130344,1,0,0:0:0:0:
0,1,130677,128,0,136010:0:0:0:0: