0,192,2546,1,0,0:0:0:0:
1,192,4310,1,0,0:0:0:0:
2,192,6075,1,0,0:0:0:0:
3,192,8722,1,0,0:0:0:0:
3,192,9604,1,0,0:0:0:0:
2,192,10487,1,0,0:0:0:0:
3,192,11369,1,0,0:0:0:0:
1,192,12251,1,0,0:0:0:0:
0,192,13134,1,0,0:0:0:0:
1,192,15781,1,0,0:0:0:0:
2,192,16663,1,0,0:0:0:0:
0,192,18428,1,0,0:0:0:0:
2,192,20193,1,0,0:0:0:0:
3,192,21957,1,0,0:0:0:0:
2,192,23722,1,0,0:0:0:0:
1,192,25487,1,0,0:0:0:0:
0,192,26369,1,0,0:0:0:0:
3,192,27251,1,0,0:0:0:0:
0,192,29016,1,0,0:0:0:0:
1,192,30781,1,0,0:0:0:0:
2,192,32475,1,0,0:0:0:0:
3,192,34190,1,0,0:0:0:0:
2,192,35905,1,0,0:0:0:0: