0,192,2546,1,0,0:0:0:0:
1,192,4310,1,0,0:0:0:0:
2,192,6075,1,0,0:0:0:0:
3,192,8722,1,0,0:0:0:0:
4,192,9604,1,0,0:0:0:0:
5,192,10487,1,0,0:0:0:0:
6,192,11369,1,0,0:0:0:0:
7,192,12251,1,0,0:0:0:0:
8,192,13134,1,0,0:0:0:0:
9,192,15781,1,0,0:0:0:0:
10,192,16663,1,0,0:0:0:0:
11,192,18428,1,0,0:0:0:0:
12,192,20193,1,0,0:0:0:0:
13,192,21957,1,0,0:0:0:0:
14,192,23722,1,0,0:0:0:0:
1,192,25487,1,0,0:0:0:0:
2,192,26369,1,0,0:0:0:0:
6,192,27251,1,0,0:0:0:0:
2,192,29016,1,0,0:0:0:0:
7,192,30781,1,0,0:0:0:0:
1,192,32475,1,0,0:0:0:0:
9,192,34190,1,0,0:0:0:0:
3,192,35905,1,0,0:0:0:0:
6,192,36762,1,0,0:0:0:0:
4,192,37620,1,0,0:0:0:0:
11,192,38502,1,0,0:0:0:0:
13,192,39384,1,0,0:0:0:0:
12,192,40293,1,0,0:0:0:0:
1,192,41202,1,0,0:0:0:0:
7,192,43773,1,0,0:0:0:0:
9,192,44630,1,0,0:0:0:0:
5,192,46344,1,0,0:0:0:0:
2,192,47630,1,0,0:0:0:0:
7,192,48059,1,0,0:0:0:0:
4,192,49773,1,0,0:0:0:0:
7,192,51487,1,0,0:0:0:0:
11,192,53189,1,0,0:0:0:0:
3,192,54131,1,0,0:0:0:0:
12,192,55000,1,0,0:0:0:0:
13,192,56764,1,0,0:0:0:0:
7,192,60777,1,0,0:0:0:0:
9,192,61219,1,0,0:0:0:0:
5,192,61660,1,0,0:0:0:0:
3,192,62101,1,0,0:0:0:0:
7,192,64307,1,0,0:0:0:0:
13,192,64748,1,0,0:0:0:0:
1,192,65189,1,0,0:0:0:0:
5,192,65630,1,0,0:0:0:0:
8,192,67395,1,0,0:0:0:0:
3,192,67836,1,0,0:0:0:0:
13,192,68277,1,0,0:0:0:0:
12,192,68719,1,0,0:0:0:0:
5,192,69160,1,0,0:0:0:0:
14,192,70084,1,0,0:0:0:0:
7,192,71407,1,0,0:0:0:0:
2,192,71848,1,0,0:0:0:0:
6,192,72289,1,0,0:0:0:0:
4,192,72731,1,0,0:0:0:0:
11,192,74495,1,0,0:0:0:0:
9,192,76762,1,0,0:0:0:0:
1,192,77730,1,0,0:0:0:0:
0,192,78214,1,0,0:0:0:0:
5,192,78698,1,0,0:0:0:0:
13,192,79182,1,0,0:0:0:0:
9,192,79666,1,0,0:0:0:0:
5,192,80149,1,0,0:0:0:0: